CREATE TABLE `haromszog` (
  `hszID` int(11) NOT NULL,
  `a_oldal` int(11) NOT NULL,
  `b_oldal` int(11) NOT NULL,
  `c_oldal` int(11) NOT NULL
) ENGINE=InnoDB DEFAULT CHARSET=utf8 COLLATE=utf8_hungarian_ci;


INSERT INTO `haromszog` (`hszID`, `a_oldal`, `b_oldal`, `c_oldal`) VALUES
(1, 15, 34, 35),
(2, 17, 29, 32),
(3, 14, 20, 31),
(4, 18, 20, 28),
(5, 24, 30, 31),
(6, 12, 16, 25),
(7, 18, 21, 31),
(8, 19, 22, 32),
(9, 9, 40, 41),
(10, 12, 14, 20),
(11, 12, 17, 28),
(12, 6, 30, 35),
(13, 27, 28, 35),
(14, 14, 27, 35),
(15, 6, 12, 17),
(16, 13, 17, 29),
(17, 25, 27, 31),
(18, 14, 30, 32),
(19, 3, 7, 9),
(20, 6, 7, 10),
(21, 3, 8, 8),
(22, 8, 15, 17),
(23, 21, 21, 33),
(24, 18, 18, 35),
(25, 26, 30, 33),
(26, 3, 4, 5),
(27, 8, 24, 24),
(28, 17, 17, 30),
(29, 17, 31, 33),
(30, 11, 32, 32),
(31, 5, 12, 13),
(32, 7, 8, 11),
(33, 10, 17, 18),
(34, 3, 6, 7),
(35, 9, 12, 19),
(36, 13, 14, 19),
(37, 6, 8, 10),
(38, 13, 22, 28),
(39, 9, 22, 30),
(40, 7, 24, 25);



